{
 "cells": [
  {
   "cell_type": "code",
   "execution_count": 1,
   "metadata": {},
   "outputs": [],
   "source": [
    "import pandas as pd\n",
    "import numpy as np"
   ]
  },
  {
   "cell_type": "code",
   "execution_count": 4,
   "metadata": {},
   "outputs": [
    {
     "data": {
      "text/html": [
       "<div>\n",
       "<style scoped>\n",
       "    .dataframe tbody tr th:only-of-type {\n",
       "        vertical-align: middle;\n",
       "    }\n",
       "\n",
       "    .dataframe tbody tr th {\n",
       "        vertical-align: top;\n",
       "    }\n",
       "\n",
       "    .dataframe thead th {\n",
       "        text-align: right;\n",
       "    }\n",
       "</style>\n",
       "<table border=\"1\" class=\"dataframe\">\n",
       "  <thead>\n",
       "    <tr style=\"text-align: right;\">\n",
       "      <th></th>\n",
       "      <th>battery_power</th>\n",
       "      <th>blue</th>\n",
       "      <th>clock_speed</th>\n",
       "      <th>dual_sim</th>\n",
       "      <th>fc</th>\n",
       "      <th>four_g</th>\n",
       "      <th>int_memory</th>\n",
       "      <th>m_dep</th>\n",
       "      <th>mobile_wt</th>\n",
       "      <th>n_cores</th>\n",
       "      <th>pc</th>\n",
       "      <th>px_height</th>\n",
       "      <th>px_width</th>\n",
       "      <th>ram</th>\n",
       "      <th>sc_h</th>\n",
       "      <th>sc_w</th>\n",
       "      <th>talk_time</th>\n",
       "      <th>three_g</th>\n",
       "      <th>touch_screen</th>\n",
       "      <th>wifi</th>\n",
       "    </tr>\n",
       "  </thead>\n",
       "  <tbody>\n",
       "    <tr>\n",
       "      <th>battery_power</th>\n",
       "      <td>1.000000</td>\n",
       "      <td>0.011252</td>\n",
       "      <td>0.011482</td>\n",
       "      <td>-0.041847</td>\n",
       "      <td>0.033334</td>\n",
       "      <td>0.015665</td>\n",
       "      <td>-0.004004</td>\n",
       "      <td>0.034085</td>\n",
       "      <td>0.001844</td>\n",
       "      <td>-0.029727</td>\n",
       "      <td>0.031441</td>\n",
       "      <td>0.014901</td>\n",
       "      <td>-0.008402</td>\n",
       "      <td>-0.000653</td>\n",
       "      <td>-0.029959</td>\n",
       "      <td>-0.021421</td>\n",
       "      <td>0.052510</td>\n",
       "      <td>0.011522</td>\n",
       "      <td>-0.010516</td>\n",
       "      <td>-0.008343</td>\n",
       "    </tr>\n",
       "    <tr>\n",
       "      <th>blue</th>\n",
       "      <td>0.011252</td>\n",
       "      <td>1.000000</td>\n",
       "      <td>0.021419</td>\n",
       "      <td>0.035198</td>\n",
       "      <td>0.003593</td>\n",
       "      <td>0.013443</td>\n",
       "      <td>0.041177</td>\n",
       "      <td>0.004049</td>\n",
       "      <td>-0.008605</td>\n",
       "      <td>0.036161</td>\n",
       "      <td>-0.009952</td>\n",
       "      <td>-0.006872</td>\n",
       "      <td>-0.041533</td>\n",
       "      <td>0.026351</td>\n",
       "      <td>-0.002952</td>\n",
       "      <td>0.000613</td>\n",
       "      <td>0.013934</td>\n",
       "      <td>-0.030236</td>\n",
       "      <td>0.010061</td>\n",
       "      <td>-0.021863</td>\n",
       "    </tr>\n",
       "    <tr>\n",
       "      <th>clock_speed</th>\n",
       "      <td>0.011482</td>\n",
       "      <td>0.021419</td>\n",
       "      <td>1.000000</td>\n",
       "      <td>-0.001315</td>\n",
       "      <td>-0.000434</td>\n",
       "      <td>-0.043073</td>\n",
       "      <td>0.006545</td>\n",
       "      <td>-0.014364</td>\n",
       "      <td>0.012350</td>\n",
       "      <td>-0.005724</td>\n",
       "      <td>-0.005245</td>\n",
       "      <td>-0.014523</td>\n",
       "      <td>-0.009476</td>\n",
       "      <td>0.003443</td>\n",
       "      <td>-0.029078</td>\n",
       "      <td>-0.007378</td>\n",
       "      <td>-0.011432</td>\n",
       "      <td>-0.046433</td>\n",
       "      <td>0.019756</td>\n",
       "      <td>-0.024471</td>\n",
       "    </tr>\n",
       "    <tr>\n",
       "      <th>dual_sim</th>\n",
       "      <td>-0.041847</td>\n",
       "      <td>0.035198</td>\n",
       "      <td>-0.001315</td>\n",
       "      <td>1.000000</td>\n",
       "      <td>-0.029123</td>\n",
       "      <td>0.003187</td>\n",
       "      <td>-0.015679</td>\n",
       "      <td>-0.022142</td>\n",
       "      <td>-0.008979</td>\n",
       "      <td>-0.024658</td>\n",
       "      <td>-0.017143</td>\n",
       "      <td>-0.020875</td>\n",
       "      <td>0.014291</td>\n",
       "      <td>0.041072</td>\n",
       "      <td>-0.011949</td>\n",
       "      <td>-0.016666</td>\n",
       "      <td>-0.039404</td>\n",
       "      <td>-0.014008</td>\n",
       "      <td>-0.017117</td>\n",
       "      <td>0.022740</td>\n",
       "    </tr>\n",
       "    <tr>\n",
       "      <th>fc</th>\n",
       "      <td>0.033334</td>\n",
       "      <td>0.003593</td>\n",
       "      <td>-0.000434</td>\n",
       "      <td>-0.029123</td>\n",
       "      <td>1.000000</td>\n",
       "      <td>-0.016560</td>\n",
       "      <td>-0.029133</td>\n",
       "      <td>-0.001791</td>\n",
       "      <td>0.023618</td>\n",
       "      <td>-0.013356</td>\n",
       "      <td>0.644595</td>\n",
       "      <td>-0.009990</td>\n",
       "      <td>-0.005176</td>\n",
       "      <td>0.015099</td>\n",
       "      <td>-0.011014</td>\n",
       "      <td>-0.012373</td>\n",
       "      <td>-0.006829</td>\n",
       "      <td>0.001793</td>\n",
       "      <td>-0.014828</td>\n",
       "      <td>0.020085</td>\n",
       "    </tr>\n",
       "    <tr>\n",
       "      <th>four_g</th>\n",
       "      <td>0.015665</td>\n",
       "      <td>0.013443</td>\n",
       "      <td>-0.043073</td>\n",
       "      <td>0.003187</td>\n",
       "      <td>-0.016560</td>\n",
       "      <td>1.000000</td>\n",
       "      <td>0.008690</td>\n",
       "      <td>-0.001823</td>\n",
       "      <td>-0.016537</td>\n",
       "      <td>-0.029706</td>\n",
       "      <td>-0.005598</td>\n",
       "      <td>-0.019236</td>\n",
       "      <td>0.007448</td>\n",
       "      <td>0.007313</td>\n",
       "      <td>0.027166</td>\n",
       "      <td>0.037005</td>\n",
       "      <td>-0.046628</td>\n",
       "      <td>0.584246</td>\n",
       "      <td>0.016758</td>\n",
       "      <td>-0.017620</td>\n",
       "    </tr>\n",
       "    <tr>\n",
       "      <th>int_memory</th>\n",
       "      <td>-0.004004</td>\n",
       "      <td>0.041177</td>\n",
       "      <td>0.006545</td>\n",
       "      <td>-0.015679</td>\n",
       "      <td>-0.029133</td>\n",
       "      <td>0.008690</td>\n",
       "      <td>1.000000</td>\n",
       "      <td>0.006886</td>\n",
       "      <td>-0.034214</td>\n",
       "      <td>-0.028310</td>\n",
       "      <td>-0.033273</td>\n",
       "      <td>0.010441</td>\n",
       "      <td>-0.008335</td>\n",
       "      <td>0.032813</td>\n",
       "      <td>0.037771</td>\n",
       "      <td>0.011731</td>\n",
       "      <td>-0.002790</td>\n",
       "      <td>-0.009366</td>\n",
       "      <td>-0.026999</td>\n",
       "      <td>0.006993</td>\n",
       "    </tr>\n",
       "    <tr>\n",
       "      <th>m_dep</th>\n",
       "      <td>0.034085</td>\n",
       "      <td>0.004049</td>\n",
       "      <td>-0.014364</td>\n",
       "      <td>-0.022142</td>\n",
       "      <td>-0.001791</td>\n",
       "      <td>-0.001823</td>\n",
       "      <td>0.006886</td>\n",
       "      <td>1.000000</td>\n",
       "      <td>0.021756</td>\n",
       "      <td>-0.003504</td>\n",
       "      <td>0.026282</td>\n",
       "      <td>0.025263</td>\n",
       "      <td>0.023566</td>\n",
       "      <td>-0.009434</td>\n",
       "      <td>-0.025348</td>\n",
       "      <td>-0.018388</td>\n",
       "      <td>0.017003</td>\n",
       "      <td>-0.012065</td>\n",
       "      <td>-0.002638</td>\n",
       "      <td>-0.028353</td>\n",
       "    </tr>\n",
       "    <tr>\n",
       "      <th>mobile_wt</th>\n",
       "      <td>0.001844</td>\n",
       "      <td>-0.008605</td>\n",
       "      <td>0.012350</td>\n",
       "      <td>-0.008979</td>\n",
       "      <td>0.023618</td>\n",
       "      <td>-0.016537</td>\n",
       "      <td>-0.034214</td>\n",
       "      <td>0.021756</td>\n",
       "      <td>1.000000</td>\n",
       "      <td>-0.018989</td>\n",
       "      <td>0.018844</td>\n",
       "      <td>0.000939</td>\n",
       "      <td>0.000090</td>\n",
       "      <td>-0.002581</td>\n",
       "      <td>-0.033855</td>\n",
       "      <td>-0.020761</td>\n",
       "      <td>0.006209</td>\n",
       "      <td>0.001551</td>\n",
       "      <td>-0.014368</td>\n",
       "      <td>-0.000409</td>\n",
       "    </tr>\n",
       "    <tr>\n",
       "      <th>n_cores</th>\n",
       "      <td>-0.029727</td>\n",
       "      <td>0.036161</td>\n",
       "      <td>-0.005724</td>\n",
       "      <td>-0.024658</td>\n",
       "      <td>-0.013356</td>\n",
       "      <td>-0.029706</td>\n",
       "      <td>-0.028310</td>\n",
       "      <td>-0.003504</td>\n",
       "      <td>-0.018989</td>\n",
       "      <td>1.000000</td>\n",
       "      <td>-0.001193</td>\n",
       "      <td>-0.006872</td>\n",
       "      <td>0.024480</td>\n",
       "      <td>0.004868</td>\n",
       "      <td>-0.000315</td>\n",
       "      <td>0.025826</td>\n",
       "      <td>0.013148</td>\n",
       "      <td>-0.014733</td>\n",
       "      <td>0.023774</td>\n",
       "      <td>-0.009964</td>\n",
       "    </tr>\n",
       "    <tr>\n",
       "      <th>pc</th>\n",
       "      <td>0.031441</td>\n",
       "      <td>-0.009952</td>\n",
       "      <td>-0.005245</td>\n",
       "      <td>-0.017143</td>\n",
       "      <td>0.644595</td>\n",
       "      <td>-0.005598</td>\n",
       "      <td>-0.033273</td>\n",
       "      <td>0.026282</td>\n",
       "      <td>0.018844</td>\n",
       "      <td>-0.001193</td>\n",
       "      <td>1.000000</td>\n",
       "      <td>-0.018465</td>\n",
       "      <td>0.004196</td>\n",
       "      <td>0.028984</td>\n",
       "      <td>0.004938</td>\n",
       "      <td>-0.023819</td>\n",
       "      <td>0.014657</td>\n",
       "      <td>-0.001322</td>\n",
       "      <td>-0.008742</td>\n",
       "      <td>0.005389</td>\n",
       "    </tr>\n",
       "    <tr>\n",
       "      <th>px_height</th>\n",
       "      <td>0.014901</td>\n",
       "      <td>-0.006872</td>\n",
       "      <td>-0.014523</td>\n",
       "      <td>-0.020875</td>\n",
       "      <td>-0.009990</td>\n",
       "      <td>-0.019236</td>\n",
       "      <td>0.010441</td>\n",
       "      <td>0.025263</td>\n",
       "      <td>0.000939</td>\n",
       "      <td>-0.006872</td>\n",
       "      <td>-0.018465</td>\n",
       "      <td>1.000000</td>\n",
       "      <td>0.510664</td>\n",
       "      <td>-0.020352</td>\n",
       "      <td>0.059615</td>\n",
       "      <td>0.043038</td>\n",
       "      <td>-0.010645</td>\n",
       "      <td>-0.031174</td>\n",
       "      <td>0.021891</td>\n",
       "      <td>0.051824</td>\n",
       "    </tr>\n",
       "    <tr>\n",
       "      <th>px_width</th>\n",
       "      <td>-0.008402</td>\n",
       "      <td>-0.041533</td>\n",
       "      <td>-0.009476</td>\n",
       "      <td>0.014291</td>\n",
       "      <td>-0.005176</td>\n",
       "      <td>0.007448</td>\n",
       "      <td>-0.008335</td>\n",
       "      <td>0.023566</td>\n",
       "      <td>0.000090</td>\n",
       "      <td>0.024480</td>\n",
       "      <td>0.004196</td>\n",
       "      <td>0.510664</td>\n",
       "      <td>1.000000</td>\n",
       "      <td>0.004105</td>\n",
       "      <td>0.021599</td>\n",
       "      <td>0.034699</td>\n",
       "      <td>0.006720</td>\n",
       "      <td>0.000350</td>\n",
       "      <td>-0.001628</td>\n",
       "      <td>0.030319</td>\n",
       "    </tr>\n",
       "    <tr>\n",
       "      <th>ram</th>\n",
       "      <td>-0.000653</td>\n",
       "      <td>0.026351</td>\n",
       "      <td>0.003443</td>\n",
       "      <td>0.041072</td>\n",
       "      <td>0.015099</td>\n",
       "      <td>0.007313</td>\n",
       "      <td>0.032813</td>\n",
       "      <td>-0.009434</td>\n",
       "      <td>-0.002581</td>\n",
       "      <td>0.004868</td>\n",
       "      <td>0.028984</td>\n",
       "      <td>-0.020352</td>\n",
       "      <td>0.004105</td>\n",
       "      <td>1.000000</td>\n",
       "      <td>0.015996</td>\n",
       "      <td>0.035576</td>\n",
       "      <td>0.010820</td>\n",
       "      <td>0.015795</td>\n",
       "      <td>-0.030455</td>\n",
       "      <td>0.022669</td>\n",
       "    </tr>\n",
       "    <tr>\n",
       "      <th>sc_h</th>\n",
       "      <td>-0.029959</td>\n",
       "      <td>-0.002952</td>\n",
       "      <td>-0.029078</td>\n",
       "      <td>-0.011949</td>\n",
       "      <td>-0.011014</td>\n",
       "      <td>0.027166</td>\n",
       "      <td>0.037771</td>\n",
       "      <td>-0.025348</td>\n",
       "      <td>-0.033855</td>\n",
       "      <td>-0.000315</td>\n",
       "      <td>0.004938</td>\n",
       "      <td>0.059615</td>\n",
       "      <td>0.021599</td>\n",
       "      <td>0.015996</td>\n",
       "      <td>1.000000</td>\n",
       "      <td>0.506144</td>\n",
       "      <td>-0.017335</td>\n",
       "      <td>0.012033</td>\n",
       "      <td>-0.020023</td>\n",
       "      <td>0.025929</td>\n",
       "    </tr>\n",
       "    <tr>\n",
       "      <th>sc_w</th>\n",
       "      <td>-0.021421</td>\n",
       "      <td>0.000613</td>\n",
       "      <td>-0.007378</td>\n",
       "      <td>-0.016666</td>\n",
       "      <td>-0.012373</td>\n",
       "      <td>0.037005</td>\n",
       "      <td>0.011731</td>\n",
       "      <td>-0.018388</td>\n",
       "      <td>-0.020761</td>\n",
       "      <td>0.025826</td>\n",
       "      <td>-0.023819</td>\n",
       "      <td>0.043038</td>\n",
       "      <td>0.034699</td>\n",
       "      <td>0.035576</td>\n",
       "      <td>0.506144</td>\n",
       "      <td>1.000000</td>\n",
       "      <td>-0.022821</td>\n",
       "      <td>0.030941</td>\n",
       "      <td>0.012720</td>\n",
       "      <td>0.035423</td>\n",
       "    </tr>\n",
       "    <tr>\n",
       "      <th>talk_time</th>\n",
       "      <td>0.052510</td>\n",
       "      <td>0.013934</td>\n",
       "      <td>-0.011432</td>\n",
       "      <td>-0.039404</td>\n",
       "      <td>-0.006829</td>\n",
       "      <td>-0.046628</td>\n",
       "      <td>-0.002790</td>\n",
       "      <td>0.017003</td>\n",
       "      <td>0.006209</td>\n",
       "      <td>0.013148</td>\n",
       "      <td>0.014657</td>\n",
       "      <td>-0.010645</td>\n",
       "      <td>0.006720</td>\n",
       "      <td>0.010820</td>\n",
       "      <td>-0.017335</td>\n",
       "      <td>-0.022821</td>\n",
       "      <td>1.000000</td>\n",
       "      <td>-0.042688</td>\n",
       "      <td>0.017196</td>\n",
       "      <td>-0.029504</td>\n",
       "    </tr>\n",
       "    <tr>\n",
       "      <th>three_g</th>\n",
       "      <td>0.011522</td>\n",
       "      <td>-0.030236</td>\n",
       "      <td>-0.046433</td>\n",
       "      <td>-0.014008</td>\n",
       "      <td>0.001793</td>\n",
       "      <td>0.584246</td>\n",
       "      <td>-0.009366</td>\n",
       "      <td>-0.012065</td>\n",
       "      <td>0.001551</td>\n",
       "      <td>-0.014733</td>\n",
       "      <td>-0.001322</td>\n",
       "      <td>-0.031174</td>\n",
       "      <td>0.000350</td>\n",
       "      <td>0.015795</td>\n",
       "      <td>0.012033</td>\n",
       "      <td>0.030941</td>\n",
       "      <td>-0.042688</td>\n",
       "      <td>1.000000</td>\n",
       "      <td>0.013917</td>\n",
       "      <td>0.004316</td>\n",
       "    </tr>\n",
       "    <tr>\n",
       "      <th>touch_screen</th>\n",
       "      <td>-0.010516</td>\n",
       "      <td>0.010061</td>\n",
       "      <td>0.019756</td>\n",
       "      <td>-0.017117</td>\n",
       "      <td>-0.014828</td>\n",
       "      <td>0.016758</td>\n",
       "      <td>-0.026999</td>\n",
       "      <td>-0.002638</td>\n",
       "      <td>-0.014368</td>\n",
       "      <td>0.023774</td>\n",
       "      <td>-0.008742</td>\n",
       "      <td>0.021891</td>\n",
       "      <td>-0.001628</td>\n",
       "      <td>-0.030455</td>\n",
       "      <td>-0.020023</td>\n",
       "      <td>0.012720</td>\n",
       "      <td>0.017196</td>\n",
       "      <td>0.013917</td>\n",
       "      <td>1.000000</td>\n",
       "      <td>0.011917</td>\n",
       "    </tr>\n",
       "    <tr>\n",
       "      <th>wifi</th>\n",
       "      <td>-0.008343</td>\n",
       "      <td>-0.021863</td>\n",
       "      <td>-0.024471</td>\n",
       "      <td>0.022740</td>\n",
       "      <td>0.020085</td>\n",
       "      <td>-0.017620</td>\n",
       "      <td>0.006993</td>\n",
       "      <td>-0.028353</td>\n",
       "      <td>-0.000409</td>\n",
       "      <td>-0.009964</td>\n",
       "      <td>0.005389</td>\n",
       "      <td>0.051824</td>\n",
       "      <td>0.030319</td>\n",
       "      <td>0.022669</td>\n",
       "      <td>0.025929</td>\n",
       "      <td>0.035423</td>\n",
       "      <td>-0.029504</td>\n",
       "      <td>0.004316</td>\n",
       "      <td>0.011917</td>\n",
       "      <td>1.000000</td>\n",
       "    </tr>\n",
       "  </tbody>\n",
       "</table>\n",
       "</div>"
      ],
      "text/plain": [
       "               battery_power      blue  clock_speed  dual_sim        fc  \\\n",
       "battery_power       1.000000  0.011252     0.011482 -0.041847  0.033334   \n",
       "blue                0.011252  1.000000     0.021419  0.035198  0.003593   \n",
       "clock_speed         0.011482  0.021419     1.000000 -0.001315 -0.000434   \n",
       "dual_sim           -0.041847  0.035198    -0.001315  1.000000 -0.029123   \n",
       "fc                  0.033334  0.003593    -0.000434 -0.029123  1.000000   \n",
       "four_g              0.015665  0.013443    -0.043073  0.003187 -0.016560   \n",
       "int_memory         -0.004004  0.041177     0.006545 -0.015679 -0.029133   \n",
       "m_dep               0.034085  0.004049    -0.014364 -0.022142 -0.001791   \n",
       "mobile_wt           0.001844 -0.008605     0.012350 -0.008979  0.023618   \n",
       "n_cores            -0.029727  0.036161    -0.005724 -0.024658 -0.013356   \n",
       "pc                  0.031441 -0.009952    -0.005245 -0.017143  0.644595   \n",
       "px_height           0.014901 -0.006872    -0.014523 -0.020875 -0.009990   \n",
       "px_width           -0.008402 -0.041533    -0.009476  0.014291 -0.005176   \n",
       "ram                -0.000653  0.026351     0.003443  0.041072  0.015099   \n",
       "sc_h               -0.029959 -0.002952    -0.029078 -0.011949 -0.011014   \n",
       "sc_w               -0.021421  0.000613    -0.007378 -0.016666 -0.012373   \n",
       "talk_time           0.052510  0.013934    -0.011432 -0.039404 -0.006829   \n",
       "three_g             0.011522 -0.030236    -0.046433 -0.014008  0.001793   \n",
       "touch_screen       -0.010516  0.010061     0.019756 -0.017117 -0.014828   \n",
       "wifi               -0.008343 -0.021863    -0.024471  0.022740  0.020085   \n",
       "\n",
       "                 four_g  int_memory     m_dep  mobile_wt   n_cores        pc  \\\n",
       "battery_power  0.015665   -0.004004  0.034085   0.001844 -0.029727  0.031441   \n",
       "blue           0.013443    0.041177  0.004049  -0.008605  0.036161 -0.009952   \n",
       "clock_speed   -0.043073    0.006545 -0.014364   0.012350 -0.005724 -0.005245   \n",
       "dual_sim       0.003187   -0.015679 -0.022142  -0.008979 -0.024658 -0.017143   \n",
       "fc            -0.016560   -0.029133 -0.001791   0.023618 -0.013356  0.644595   \n",
       "four_g         1.000000    0.008690 -0.001823  -0.016537 -0.029706 -0.005598   \n",
       "int_memory     0.008690    1.000000  0.006886  -0.034214 -0.028310 -0.033273   \n",
       "m_dep         -0.001823    0.006886  1.000000   0.021756 -0.003504  0.026282   \n",
       "mobile_wt     -0.016537   -0.034214  0.021756   1.000000 -0.018989  0.018844   \n",
       "n_cores       -0.029706   -0.028310 -0.003504  -0.018989  1.000000 -0.001193   \n",
       "pc            -0.005598   -0.033273  0.026282   0.018844 -0.001193  1.000000   \n",
       "px_height     -0.019236    0.010441  0.025263   0.000939 -0.006872 -0.018465   \n",
       "px_width       0.007448   -0.008335  0.023566   0.000090  0.024480  0.004196   \n",
       "ram            0.007313    0.032813 -0.009434  -0.002581  0.004868  0.028984   \n",
       "sc_h           0.027166    0.037771 -0.025348  -0.033855 -0.000315  0.004938   \n",
       "sc_w           0.037005    0.011731 -0.018388  -0.020761  0.025826 -0.023819   \n",
       "talk_time     -0.046628   -0.002790  0.017003   0.006209  0.013148  0.014657   \n",
       "three_g        0.584246   -0.009366 -0.012065   0.001551 -0.014733 -0.001322   \n",
       "touch_screen   0.016758   -0.026999 -0.002638  -0.014368  0.023774 -0.008742   \n",
       "wifi          -0.017620    0.006993 -0.028353  -0.000409 -0.009964  0.005389   \n",
       "\n",
       "               px_height  px_width       ram      sc_h      sc_w  talk_time  \\\n",
       "battery_power   0.014901 -0.008402 -0.000653 -0.029959 -0.021421   0.052510   \n",
       "blue           -0.006872 -0.041533  0.026351 -0.002952  0.000613   0.013934   \n",
       "clock_speed    -0.014523 -0.009476  0.003443 -0.029078 -0.007378  -0.011432   \n",
       "dual_sim       -0.020875  0.014291  0.041072 -0.011949 -0.016666  -0.039404   \n",
       "fc             -0.009990 -0.005176  0.015099 -0.011014 -0.012373  -0.006829   \n",
       "four_g         -0.019236  0.007448  0.007313  0.027166  0.037005  -0.046628   \n",
       "int_memory      0.010441 -0.008335  0.032813  0.037771  0.011731  -0.002790   \n",
       "m_dep           0.025263  0.023566 -0.009434 -0.025348 -0.018388   0.017003   \n",
       "mobile_wt       0.000939  0.000090 -0.002581 -0.033855 -0.020761   0.006209   \n",
       "n_cores        -0.006872  0.024480  0.004868 -0.000315  0.025826   0.013148   \n",
       "pc             -0.018465  0.004196  0.028984  0.004938 -0.023819   0.014657   \n",
       "px_height       1.000000  0.510664 -0.020352  0.059615  0.043038  -0.010645   \n",
       "px_width        0.510664  1.000000  0.004105  0.021599  0.034699   0.006720   \n",
       "ram            -0.020352  0.004105  1.000000  0.015996  0.035576   0.010820   \n",
       "sc_h            0.059615  0.021599  0.015996  1.000000  0.506144  -0.017335   \n",
       "sc_w            0.043038  0.034699  0.035576  0.506144  1.000000  -0.022821   \n",
       "talk_time      -0.010645  0.006720  0.010820 -0.017335 -0.022821   1.000000   \n",
       "three_g        -0.031174  0.000350  0.015795  0.012033  0.030941  -0.042688   \n",
       "touch_screen    0.021891 -0.001628 -0.030455 -0.020023  0.012720   0.017196   \n",
       "wifi            0.051824  0.030319  0.022669  0.025929  0.035423  -0.029504   \n",
       "\n",
       "                three_g  touch_screen      wifi  \n",
       "battery_power  0.011522     -0.010516 -0.008343  \n",
       "blue          -0.030236      0.010061 -0.021863  \n",
       "clock_speed   -0.046433      0.019756 -0.024471  \n",
       "dual_sim      -0.014008     -0.017117  0.022740  \n",
       "fc             0.001793     -0.014828  0.020085  \n",
       "four_g         0.584246      0.016758 -0.017620  \n",
       "int_memory    -0.009366     -0.026999  0.006993  \n",
       "m_dep         -0.012065     -0.002638 -0.028353  \n",
       "mobile_wt      0.001551     -0.014368 -0.000409  \n",
       "n_cores       -0.014733      0.023774 -0.009964  \n",
       "pc            -0.001322     -0.008742  0.005389  \n",
       "px_height     -0.031174      0.021891  0.051824  \n",
       "px_width       0.000350     -0.001628  0.030319  \n",
       "ram            0.015795     -0.030455  0.022669  \n",
       "sc_h           0.012033     -0.020023  0.025929  \n",
       "sc_w           0.030941      0.012720  0.035423  \n",
       "talk_time     -0.042688      0.017196 -0.029504  \n",
       "three_g        1.000000      0.013917  0.004316  \n",
       "touch_screen   0.013917      1.000000  0.011917  \n",
       "wifi           0.004316      0.011917  1.000000  "
      ]
     },
     "execution_count": 4,
     "metadata": {},
     "output_type": "execute_result"
    }
   ],
   "source": [
    "data = pd.read_csv('train.csv')\n",
    "data = data.drop('price_range', axis=1)\n",
    "correlation_matrix = data.corr()\n",
    "correlation_matrix"
   ]
  },
  {
   "cell_type": "code",
   "execution_count": 7,
   "metadata": {},
   "outputs": [],
   "source": [
    "high_correlation_pairs = []\n",
    "num_rows, num_cols = correlation_matrix.shape\n",
    "for i in range(num_cols):\n",
    "    for j in range(i+1, num_cols):\n",
    "        correlation = correlation_matrix.iloc[i, j]\n",
    "        if abs(correlation) > 0.9:\n",
    "            pair = (correlation_matrix.columns[i], correlation_matrix.columns[j], correlation)\n",
    "            high_correlation_pairs.append(pair)\n",
    "\n",
    "for pair in high_correlation_pairs:\n",
    "    print(f\"Öznitelikler: {pair[0]}, {pair[1]} - Korelasyon: {pair[2]}\")"
   ]
  },
  {
   "cell_type": "code",
   "execution_count": 8,
   "metadata": {},
   "outputs": [
    {
     "data": {
      "text/html": [
       "<div>\n",
       "<style scoped>\n",
       "    .dataframe tbody tr th:only-of-type {\n",
       "        vertical-align: middle;\n",
       "    }\n",
       "\n",
       "    .dataframe tbody tr th {\n",
       "        vertical-align: top;\n",
       "    }\n",
       "\n",
       "    .dataframe thead th {\n",
       "        text-align: right;\n",
       "    }\n",
       "</style>\n",
       "<table border=\"1\" class=\"dataframe\">\n",
       "  <thead>\n",
       "    <tr style=\"text-align: right;\">\n",
       "      <th></th>\n",
       "      <th>battery_power</th>\n",
       "      <th>blue</th>\n",
       "      <th>clock_speed</th>\n",
       "      <th>dual_sim</th>\n",
       "      <th>fc</th>\n",
       "      <th>four_g</th>\n",
       "      <th>int_memory</th>\n",
       "      <th>m_dep</th>\n",
       "      <th>mobile_wt</th>\n",
       "      <th>n_cores</th>\n",
       "      <th>pc</th>\n",
       "      <th>px_height</th>\n",
       "      <th>px_width</th>\n",
       "      <th>ram</th>\n",
       "      <th>sc_h</th>\n",
       "      <th>sc_w</th>\n",
       "      <th>talk_time</th>\n",
       "      <th>three_g</th>\n",
       "      <th>touch_screen</th>\n",
       "      <th>wifi</th>\n",
       "    </tr>\n",
       "  </thead>\n",
       "  <tbody>\n",
       "    <tr>\n",
       "      <th>battery_power</th>\n",
       "      <td>1.000000</td>\n",
       "      <td>-0.046610</td>\n",
       "      <td>-0.039075</td>\n",
       "      <td>-0.061171</td>\n",
       "      <td>-0.007846</td>\n",
       "      <td>-0.042520</td>\n",
       "      <td>0.003751</td>\n",
       "      <td>-0.009065</td>\n",
       "      <td>-0.047065</td>\n",
       "      <td>0.025732</td>\n",
       "      <td>0.012847</td>\n",
       "      <td>0.048647</td>\n",
       "      <td>0.053365</td>\n",
       "      <td>-0.032366</td>\n",
       "      <td>-0.055665</td>\n",
       "      <td>-0.023905</td>\n",
       "      <td>0.015546</td>\n",
       "      <td>3.151417e-02</td>\n",
       "      <td>-1.013784e-02</td>\n",
       "      <td>-0.000414</td>\n",
       "    </tr>\n",
       "    <tr>\n",
       "      <th>blue</th>\n",
       "      <td>-0.046610</td>\n",
       "      <td>1.000000</td>\n",
       "      <td>0.034754</td>\n",
       "      <td>-0.011100</td>\n",
       "      <td>-0.056063</td>\n",
       "      <td>-0.001169</td>\n",
       "      <td>-0.012416</td>\n",
       "      <td>0.018319</td>\n",
       "      <td>0.023513</td>\n",
       "      <td>0.003283</td>\n",
       "      <td>-0.025247</td>\n",
       "      <td>-0.058810</td>\n",
       "      <td>-0.032054</td>\n",
       "      <td>0.057570</td>\n",
       "      <td>0.012780</td>\n",
       "      <td>0.004223</td>\n",
       "      <td>-0.031995</td>\n",
       "      <td>1.352986e-02</td>\n",
       "      <td>-6.003074e-02</td>\n",
       "      <td>0.025568</td>\n",
       "    </tr>\n",
       "    <tr>\n",
       "      <th>clock_speed</th>\n",
       "      <td>-0.039075</td>\n",
       "      <td>0.034754</td>\n",
       "      <td>1.000000</td>\n",
       "      <td>-0.012423</td>\n",
       "      <td>0.010127</td>\n",
       "      <td>-0.024665</td>\n",
       "      <td>-0.030487</td>\n",
       "      <td>0.016995</td>\n",
       "      <td>-0.014107</td>\n",
       "      <td>-0.012247</td>\n",
       "      <td>0.047469</td>\n",
       "      <td>0.017277</td>\n",
       "      <td>0.070585</td>\n",
       "      <td>-0.000650</td>\n",
       "      <td>-0.039503</td>\n",
       "      <td>-0.027138</td>\n",
       "      <td>-0.078797</td>\n",
       "      <td>-2.140644e-02</td>\n",
       "      <td>6.189276e-02</td>\n",
       "      <td>-0.048593</td>\n",
       "    </tr>\n",
       "    <tr>\n",
       "      <th>dual_sim</th>\n",
       "      <td>-0.061171</td>\n",
       "      <td>-0.011100</td>\n",
       "      <td>-0.012423</td>\n",
       "      <td>1.000000</td>\n",
       "      <td>0.057606</td>\n",
       "      <td>0.024907</td>\n",
       "      <td>-0.012158</td>\n",
       "      <td>0.021760</td>\n",
       "      <td>-0.001734</td>\n",
       "      <td>-0.003129</td>\n",
       "      <td>0.073936</td>\n",
       "      <td>0.006842</td>\n",
       "      <td>0.015610</td>\n",
       "      <td>0.048171</td>\n",
       "      <td>0.006295</td>\n",
       "      <td>-0.002064</td>\n",
       "      <td>0.004390</td>\n",
       "      <td>6.895838e-04</td>\n",
       "      <td>3.401967e-02</td>\n",
       "      <td>0.031545</td>\n",
       "    </tr>\n",
       "    <tr>\n",
       "      <th>fc</th>\n",
       "      <td>-0.007846</td>\n",
       "      <td>-0.056063</td>\n",
       "      <td>0.010127</td>\n",
       "      <td>0.057606</td>\n",
       "      <td>1.000000</td>\n",
       "      <td>0.032832</td>\n",
       "      <td>-0.006565</td>\n",
       "      <td>0.020859</td>\n",
       "      <td>0.018353</td>\n",
       "      <td>0.020828</td>\n",
       "      <td>0.659338</td>\n",
       "      <td>-0.017982</td>\n",
       "      <td>0.030550</td>\n",
       "      <td>-0.051997</td>\n",
       "      <td>0.045158</td>\n",
       "      <td>0.006115</td>\n",
       "      <td>-0.051458</td>\n",
       "      <td>-1.112104e-02</td>\n",
       "      <td>1.546706e-02</td>\n",
       "      <td>-0.060373</td>\n",
       "    </tr>\n",
       "    <tr>\n",
       "      <th>four_g</th>\n",
       "      <td>-0.042520</td>\n",
       "      <td>-0.001169</td>\n",
       "      <td>-0.024665</td>\n",
       "      <td>0.024907</td>\n",
       "      <td>0.032832</td>\n",
       "      <td>1.000000</td>\n",
       "      <td>-0.037488</td>\n",
       "      <td>0.014806</td>\n",
       "      <td>-0.000509</td>\n",
       "      <td>0.066716</td>\n",
       "      <td>0.037669</td>\n",
       "      <td>0.033655</td>\n",
       "      <td>0.036545</td>\n",
       "      <td>0.030821</td>\n",
       "      <td>-0.015087</td>\n",
       "      <td>-0.000893</td>\n",
       "      <td>0.013692</td>\n",
       "      <td>5.535283e-01</td>\n",
       "      <td>-1.000338e-02</td>\n",
       "      <td>-0.035652</td>\n",
       "    </tr>\n",
       "    <tr>\n",
       "      <th>int_memory</th>\n",
       "      <td>0.003751</td>\n",
       "      <td>-0.012416</td>\n",
       "      <td>-0.030487</td>\n",
       "      <td>-0.012158</td>\n",
       "      <td>-0.006565</td>\n",
       "      <td>-0.037488</td>\n",
       "      <td>1.000000</td>\n",
       "      <td>-0.004386</td>\n",
       "      <td>-0.010447</td>\n",
       "      <td>0.021601</td>\n",
       "      <td>0.022682</td>\n",
       "      <td>-0.009564</td>\n",
       "      <td>-0.003877</td>\n",
       "      <td>-0.007107</td>\n",
       "      <td>-0.009249</td>\n",
       "      <td>0.024521</td>\n",
       "      <td>0.023759</td>\n",
       "      <td>-1.592239e-02</td>\n",
       "      <td>2.218589e-02</td>\n",
       "      <td>0.011860</td>\n",
       "    </tr>\n",
       "    <tr>\n",
       "      <th>m_dep</th>\n",
       "      <td>-0.009065</td>\n",
       "      <td>0.018319</td>\n",
       "      <td>0.016995</td>\n",
       "      <td>0.021760</td>\n",
       "      <td>0.020859</td>\n",
       "      <td>0.014806</td>\n",
       "      <td>-0.004386</td>\n",
       "      <td>1.000000</td>\n",
       "      <td>-0.041994</td>\n",
       "      <td>0.010062</td>\n",
       "      <td>0.012663</td>\n",
       "      <td>0.062559</td>\n",
       "      <td>0.034861</td>\n",
       "      <td>0.018349</td>\n",
       "      <td>-0.026160</td>\n",
       "      <td>-0.023393</td>\n",
       "      <td>0.024124</td>\n",
       "      <td>-2.927827e-02</td>\n",
       "      <td>4.025363e-02</td>\n",
       "      <td>-0.039705</td>\n",
       "    </tr>\n",
       "    <tr>\n",
       "      <th>mobile_wt</th>\n",
       "      <td>-0.047065</td>\n",
       "      <td>0.023513</td>\n",
       "      <td>-0.014107</td>\n",
       "      <td>-0.001734</td>\n",
       "      <td>0.018353</td>\n",
       "      <td>-0.000509</td>\n",
       "      <td>-0.010447</td>\n",
       "      <td>-0.041994</td>\n",
       "      <td>1.000000</td>\n",
       "      <td>-0.038908</td>\n",
       "      <td>0.027343</td>\n",
       "      <td>0.011157</td>\n",
       "      <td>-0.014577</td>\n",
       "      <td>0.028786</td>\n",
       "      <td>-0.022053</td>\n",
       "      <td>0.022148</td>\n",
       "      <td>-0.021704</td>\n",
       "      <td>6.261881e-03</td>\n",
       "      <td>4.452531e-02</td>\n",
       "      <td>0.069762</td>\n",
       "    </tr>\n",
       "    <tr>\n",
       "      <th>n_cores</th>\n",
       "      <td>0.025732</td>\n",
       "      <td>0.003283</td>\n",
       "      <td>-0.012247</td>\n",
       "      <td>-0.003129</td>\n",
       "      <td>0.020828</td>\n",
       "      <td>0.066716</td>\n",
       "      <td>0.021601</td>\n",
       "      <td>0.010062</td>\n",
       "      <td>-0.038908</td>\n",
       "      <td>1.000000</td>\n",
       "      <td>0.014376</td>\n",
       "      <td>-0.054433</td>\n",
       "      <td>-0.059388</td>\n",
       "      <td>-0.042750</td>\n",
       "      <td>-0.034057</td>\n",
       "      <td>0.012830</td>\n",
       "      <td>-0.005640</td>\n",
       "      <td>5.093589e-02</td>\n",
       "      <td>-1.661558e-02</td>\n",
       "      <td>-0.007256</td>\n",
       "    </tr>\n",
       "    <tr>\n",
       "      <th>pc</th>\n",
       "      <td>0.012847</td>\n",
       "      <td>-0.025247</td>\n",
       "      <td>0.047469</td>\n",
       "      <td>0.073936</td>\n",
       "      <td>0.659338</td>\n",
       "      <td>0.037669</td>\n",
       "      <td>0.022682</td>\n",
       "      <td>0.012663</td>\n",
       "      <td>0.027343</td>\n",
       "      <td>0.014376</td>\n",
       "      <td>1.000000</td>\n",
       "      <td>0.028910</td>\n",
       "      <td>0.056397</td>\n",
       "      <td>-0.045987</td>\n",
       "      <td>0.019738</td>\n",
       "      <td>-0.006316</td>\n",
       "      <td>-0.038434</td>\n",
       "      <td>-1.522038e-02</td>\n",
       "      <td>2.199588e-02</td>\n",
       "      <td>-0.054955</td>\n",
       "    </tr>\n",
       "    <tr>\n",
       "      <th>px_height</th>\n",
       "      <td>0.048647</td>\n",
       "      <td>-0.058810</td>\n",
       "      <td>0.017277</td>\n",
       "      <td>0.006842</td>\n",
       "      <td>-0.017982</td>\n",
       "      <td>0.033655</td>\n",
       "      <td>-0.009564</td>\n",
       "      <td>0.062559</td>\n",
       "      <td>0.011157</td>\n",
       "      <td>-0.054433</td>\n",
       "      <td>0.028910</td>\n",
       "      <td>1.000000</td>\n",
       "      <td>0.517650</td>\n",
       "      <td>0.027945</td>\n",
       "      <td>0.011162</td>\n",
       "      <td>0.043486</td>\n",
       "      <td>0.052383</td>\n",
       "      <td>-1.112460e-02</td>\n",
       "      <td>-1.963656e-02</td>\n",
       "      <td>-0.012459</td>\n",
       "    </tr>\n",
       "    <tr>\n",
       "      <th>px_width</th>\n",
       "      <td>0.053365</td>\n",
       "      <td>-0.032054</td>\n",
       "      <td>0.070585</td>\n",
       "      <td>0.015610</td>\n",
       "      <td>0.030550</td>\n",
       "      <td>0.036545</td>\n",
       "      <td>-0.003877</td>\n",
       "      <td>0.034861</td>\n",
       "      <td>-0.014577</td>\n",
       "      <td>-0.059388</td>\n",
       "      <td>0.056397</td>\n",
       "      <td>0.517650</td>\n",
       "      <td>1.000000</td>\n",
       "      <td>-0.026378</td>\n",
       "      <td>-0.022610</td>\n",
       "      <td>0.004692</td>\n",
       "      <td>0.053423</td>\n",
       "      <td>1.943857e-02</td>\n",
       "      <td>-3.998625e-02</td>\n",
       "      <td>-0.073997</td>\n",
       "    </tr>\n",
       "    <tr>\n",
       "      <th>ram</th>\n",
       "      <td>-0.032366</td>\n",
       "      <td>0.057570</td>\n",
       "      <td>-0.000650</td>\n",
       "      <td>0.048171</td>\n",
       "      <td>-0.051997</td>\n",
       "      <td>0.030821</td>\n",
       "      <td>-0.007107</td>\n",
       "      <td>0.018349</td>\n",
       "      <td>0.028786</td>\n",
       "      <td>-0.042750</td>\n",
       "      <td>-0.045987</td>\n",
       "      <td>0.027945</td>\n",
       "      <td>-0.026378</td>\n",
       "      <td>1.000000</td>\n",
       "      <td>0.022894</td>\n",
       "      <td>0.030678</td>\n",
       "      <td>-0.003419</td>\n",
       "      <td>2.971246e-02</td>\n",
       "      <td>-4.365416e-02</td>\n",
       "      <td>-0.031904</td>\n",
       "    </tr>\n",
       "    <tr>\n",
       "      <th>sc_h</th>\n",
       "      <td>-0.055665</td>\n",
       "      <td>0.012780</td>\n",
       "      <td>-0.039503</td>\n",
       "      <td>0.006295</td>\n",
       "      <td>0.045158</td>\n",
       "      <td>-0.015087</td>\n",
       "      <td>-0.009249</td>\n",
       "      <td>-0.026160</td>\n",
       "      <td>-0.022053</td>\n",
       "      <td>-0.034057</td>\n",
       "      <td>0.019738</td>\n",
       "      <td>0.011162</td>\n",
       "      <td>-0.022610</td>\n",
       "      <td>0.022894</td>\n",
       "      <td>1.000000</td>\n",
       "      <td>0.497154</td>\n",
       "      <td>0.026062</td>\n",
       "      <td>-1.952833e-02</td>\n",
       "      <td>-1.366232e-02</td>\n",
       "      <td>-0.002994</td>\n",
       "    </tr>\n",
       "    <tr>\n",
       "      <th>sc_w</th>\n",
       "      <td>-0.023905</td>\n",
       "      <td>0.004223</td>\n",
       "      <td>-0.027138</td>\n",
       "      <td>-0.002064</td>\n",
       "      <td>0.006115</td>\n",
       "      <td>-0.000893</td>\n",
       "      <td>0.024521</td>\n",
       "      <td>-0.023393</td>\n",
       "      <td>0.022148</td>\n",
       "      <td>0.012830</td>\n",
       "      <td>-0.006316</td>\n",
